p = 2

E = 3
dt = 0.00487951298146072

E = 5
dt = 0.00976349835218571

E =  9
dt = 0.019531950896635
