p = 3

E = 4
dt = 0.00691280485534662

E = 7
dt = 0.0145214623871652

E = 13
dt = 0.029440255037116
