E = 5
dt = 0.00028752208861988

E = 9
dt = 0.00105405170412268
