p = 4

E = 6
dt = 0.0086764867301099

E = 10
dt = 0.0194599229726009

E = 18
dt = 0.0394357446930371
