E = 4
dt = 0.0020928955078125

E = 8
dt = 0.00895599104405846
