E = 2
dt = 0.00277137756347656

E = 4
dt = 0.0545921325683594

E = 8
dt = 0.115023612976074

E = 16
dt = 0.230842590332031
